val_loss:[0.02577408974369367, 0.026411350002443348, 0.026411350002443348, 0.026411350002443348, 0.026411350002443348, 0.02284860863453812, 0.02084742849347768, 0.026411350002443348, 0.02288555424246523, 0.01986260592109627, 0.021773594493667284, 0.021718379399842686, 0.02636149975436705, 0.02332127192230136, 0.02249370887875557, 0.026411350002443348, 0.026411350002443348, 0.026411350002443348, 0.022286223799542145, 0.026411350002443348, 0.026411350002443348, 0.026411350002443348, 0.02294685386673168, 0.026411350002443348, 0.022155206167587527, 0.021429240524216936, 0.019838752100865047, 0.020026030170696752, 0.026411350002443348, 0.026411350002443348, 0.026411350002443348, 0.026411350002443348, 0.026411350002443348, 0.026411350002443348, 0.026411350002443348, 0.026411350002443348, 0.026411350002443348, 0.026411350002443348, 0.026411350002443348, 0.026411350002443348, 0.026411350002443348, 0.026411350002443348, 0.026411350002443348, 0.026411350002443348, 0.026411350002443348, 0.026411350002443348, 0.026411350002443348, 0.026411350002443348, 0.021760293910348855, 0.021438068772355715]
loss:[0.03175832135871114, 0.03536242469225401, 0.02957237261297649, 0.02906707141686369, 0.03034475905813062, 0.027114970007060486, 0.026510199786397657, 0.024918498545731783, 0.027692632629716225, 0.02642710993579999, 0.024983800452493838, 0.021711275649904715, 0.022780552343944462, 0.025382885936295053, 0.024882315385151548, 0.027887491210375304, 0.02660588748875714, 0.026809217337779547, 0.025114773468348225, 0.02477670683920261, 0.027816670440106727, 0.027736883563729227, 0.027589083388217805, 0.02502753525175185, 0.024582134783574582, 0.022760247813208113, 0.018050483468567392, 0.02251080698697778, 0.028429500565484718, 0.029146348071809658, 0.02914007283256623, 0.029132227066122455, 0.02909218352671268, 0.029064548305339284, 0.02898592274068805, 0.028900714014721995, 0.028873689219723515, 0.028847221351025527, 0.028817868467282366, 0.028788019958960177, 0.028706810419512875, 0.028654574455670368, 0.02861825545383579, 0.027097894813972737, 0.028568350298353182, 0.028535830804411275, 0.028500435449405278, 0.028465879256281343, 0.02800839521343448, 0.020766648887024248]
